2.140369058909091e-05
2.068209058909091e-05
2.140369058909091e-05
2.140369058909091e-05
2.0244290589090908e-05
2.026559026909091e-05
2.0244290589090908e-05
2.027329058909091e-05
2.016139058909091e-05
2.074159058909091e-05
2.434588962909091e-05
2.150789026909091e-05
2.036978994909091e-05
2.032409058909091e-05
2.048639058909091e-05
2.0244290589090908e-05
2.027329058909091e-05
2.1761490589090907e-05
2.733548962909091e-05
2.150789026909091e-05
2.059059026909091e-05
2.032409058909091e-05
2.036978994909091e-05
2.032409058909091e-05
2.037009058909091e-05
2.372649058909091e-05
3.032508962909091e-05
2.2245890269090908e-05
2.042829026909091e-05
2.069478994909091e-05
2.042829026909091e-05
2.036978994909091e-05
2.037009058909091e-05
2.870148962909091e-05
2.089048994909091e-05
3.032508962909091e-05
2.348819026909091e-05
2.079898962909091e-05
2.042829026909091e-05
2.053248994909091e-05
2.037009058909091e-05
2.898348962909091e-05
2.097828994909091e-05
3.2449089629090906e-05
2.3464890269090908e-05
2.079898962909091e-05
2.064008994909091e-05
2.042829026909091e-05
2.047429026909091e-05
4.298028962909091e-05
2.119848994909091e-05
2.097828994909091e-05
3.351108962909091e-05
2.3464890269090908e-05
2.053589026909091e-05
2.079898962909091e-05
2.064749026909091e-05
5.478508962909092e-05
2.355008994909091e-05
2.411228706909091e-05
3.9635289629090916e-05
2.470509026909091e-05
2.079898962909091e-05
2.057429026909091e-05
2.067359026909091e-05
5.462428962909092e-05
2.3684889949090908e-05
2.411228706909091e-05
2.131958962909091e-05
4.4666289629090915e-05
2.569449026909091e-05
2.070749026909091e-05
2.088289026909091e-05
5.5087289629090916e-05
2.8532890269090907e-05
3.0184287069090908e-05
2.3684889949090908e-05
2.131958962909091e-05
5.719868962909091e-05
2.352449026909091e-05
2.070749026909091e-05
5.550408834909092e-05
3.0601085789090906e-05
2.3684889949090908e-05
2.1423789309090908e-05
2.122529026909091e-05
4.489468834909091e-05
6.903068962909092e-05
2.359029026909091e-05
5.648208834909092e-05
3.574188578909091e-05
2.220329026909091e-05
5.621268834909091e-05
2.378908962909091e-05
2.1589389309090908e-05
6.851548962909091e-05
2.359029026909091e-05
4.5865085789090914e-05
5.712448834909092e-05
2.2268690269090907e-05
5.932068834909091e-05
3.1029885789090904e-05
2.1589389309090908e-05
7.668748962909091e-05
3.151148834909091e-05
6.55642857890909e-05
6.930148834909092e-05
2.2268690269090907e-05
6.242868834909091e-05
3.7548285789090906e-05
2.1589389309090908e-05
7.710428834909091e-05
3.151148834909091e-05
6.538708578909092e-05
7.821748834909092e-05
2.289999026909091e-05
6.284548706909091e-05
3.8876285789090904e-05
2.1589389309090908e-05
8.83634883490909e-05
3.917048834909091e-05
8.860708578909092e-05
2.297279026909091e-05
0.00010645148834909094
6.326228578909091e-05
2.671188450909091e-05
4.2749285789090906e-05
9.04554883490909e-05
4.460948834909091e-05
0.0001459042857890909
8.694708578909091e-05
2.297279026909091e-05
0.00011536748834909092
2.712868322909091e-05
4.6982285789090904e-05
9.531148834909091e-05
4.682948834909091e-05
0.00021104488578909094
8.694708578909091e-05
2.962229026909091e-05
2.778348322909091e-05
0.00014360148834909097
4.9915485789090905e-05
9.637348834909091e-05
5.4441888349090906e-05
0.00021312688578909093
9.660108578909092e-05
3.627179026909091e-05
2.795568322909091e-05
0.00014858148834909096
5.0332284509090913e-05
0.00010191148834909091
7.61840883490909e-05
4.453349026909091e-05
0.00022359988578909092
9.722508578909091e-05
5.971148450909091e-05
2.9230683229090907e-05
0.00014774788834909095
0.00010260748834909092
7.61840883490909e-05
5.115989026909091e-05
9.875708578909091e-05
0.00029016848578909096
6.059208450909091e-05
3.4121683229090905e-05
0.00015630388834909093
0.0001334154883490909
7.660088706909089e-05
5.115989026909091e-05
0.00012064308578909092
0.000306950485789091
6.221808450909091e-05
3.499768322909091e-05
0.00015630388834909093
0.00015011348834909093
8.81658870690909e-05
5.126408994909091e-05
6.221808450909091e-05
0.00016759608578909095
3.654278322909091e-05
0.00015672068706909092
0.00015965348834909095
8.81658870690909e-05
2.027329058909091e-05
5.7890489949090904e-05
6.263488322909091e-05
0.0002591495857890909
3.749678322909091e-05
0.00017581868706909091
0.00019318598834909095
8.987548706909091e-05
2.037749026909091e-05
5.799468962909091e-05
6.30516819490909e-05
0.0004390470857890909
3.749678322909091e-05
0.00021121028706909092
0.00022671848834909092
8.987548706909091e-05
2.037749026909091e-05
5.799468962909091e-05
8.008828194909092e-05
3.845078322909091e-05
0.00022060628706909092
0.0002271352870690909
8.987548706909091e-05
2.037749026909091e-05
2.026559026909091e-05
8.692828194909092e-05
6.462108962909091e-05
4.533548322909091e-05
0.00023208828706909092
0.0002279222870690909
8.987548706909091e-05
2.167669026909091e-05
2.150789026909091e-05
0.0001232658819490909
7.12474896290909e-05
5.09630832290909e-05
2.294489026909091e-05
0.0002912752870690909
0.0002397122870690909
8.987548706909091e-05
2.167669026909091e-05
0.0001236826806690909
7.12474896290909e-05
0.0001216994832290909
2.329909026909091e-05
0.00033881628706909086
0.000267490287069091
0.00010267648706909089
2.186029026909091e-05
0.00016318148066909088
0.0001216994832290909
0.00015699768578909088
2.372809026909091e-05
0.0002921682870690909
0.00010267648706909089
2.140369058909091e-05
2.186029026909091e-05
0.0001486074832290909
0.0001635982793890909
0.0001574144845090909
2.4011890269090908e-05
0.00029258508578909094
0.00011499848706909091
2.324629026909091e-05
2.264599058909091e-05
0.0001557258832290909
0.00016401507810909089
0.00016116988450909093
2.6340690269090908e-05
0.0003785420857890909
0.00011499848706909091
2.390629026909091e-05
2.264599058909091e-05
0.0001557258832290909
0.0001644318768290909
0.0002350466845090909
2.676669026909091e-05
0.0001422287870690909
2.275019026909091e-05
2.401048994909091e-05
2.016139058909091e-05
0.0001561426819490909
0.00019152267682909092
0.0002463746845090909
2.7395790269090907e-05
0.0001907632870690909
2.539648994909091e-05
2.297589026909091e-05
