306.387291
520.687015
306.387291
306.387291
335.178948
540.1444
335.178948
335.215963
564.897114
306.478471
148.590641
283.647893
532.068579
309.2516
209.380241
335.178948
335.215963
291.071674
109.423505
283.647893
182.888852
309.2516
532.068579
309.2516
297.91174
274.424186
83.323185
283.647893
284.153906
174.508789
284.153906
532.068579
297.91174
143.797347
496.076659
83.323185
204.098311
170.367814
284.153906
276.060215
297.91174
143.797347
264.221136
83.323185
122.762951
170.367814
185.860963
284.153906
271.054492
79.780961
177.249604
264.221136
83.323185
122.762951
193.956908
170.367814
220.042347
61.585912
137.999508
88.025895
60.469061
95.261265
170.367814
193.842848
215.723288
53.090334
111.77855
80.472603
149.176202
60.469061
62.926503
189.710584
207.721313
39.766441
53.082558
44.938958
111.77855
149.176202
56.538836
115.839452
189.710584
36.037358
44.497465
111.77855
147.369072
167.438004
24.621884
41.318222
114.599239
36.037358
44.249362
165.061919
23.505036
109.073498
118.562712
24.715315
114.599239
43.857761
35.487318
144.408401
23.505036
58.624712
118.562712
24.715315
53.97185
44.147
26.176004
144.408401
23.505036
42.900537
118.562712
20.989396
53.97185
41.44753
26.176004
80.600181
22.451556
33.771851
118.562712
18.363581
39.335146
32.921272
73.058661
18.611572
21.950943
60.20515
33.771851
16.728383
30.641215
32.871361
21.558031
73.058661
18.611572
60.119379
33.771851
12.453194
30.641215
20.631779
21.558031
43.435721
45.389742
14.939446
20.6035
12.038696
19.923578
20.631779
21.558031
38.313101
43.706953
14.939446
20.277287
11.62729
14.98649
34.382069
20.631779
18.892351
18.038196
36.856601
14.161304
11.112381
14.98649
25.444327
12.917479
16.80243
17.500313
28.253073
14.161304
9.910705
13.978476
25.444327
11.243567
16.80243
15.637204
28.253073
14.161304
7.126035
13.978476
22.28357
15.637204
8.957573
21.800705
13.459751
7.126035
13.978476
335.215963
20.288661
15.426065
9.07007
21.800705
13.459751
7.020313
13.690608
309.39707
18.775887
15.279463
9.02831
21.800705
11.507656
6.699205
13.690608
309.39707
18.775887
14.552858
21.800705
11.507656
5.683756
13.690608
309.39707
540.1444
14.552858
17.160889
16.440181
7.211792
5.596862
13.690608
166.742365
283.647893
14.628808
16.297748
13.849573
143.408564
6.296584
5.596862
13.690608
166.742365
14.540223
16.297748
8.311659
86.85482
6.15637
5.178628
13.690608
147.503534
11.601646
8.311659
8.207119
86.85482
5.178628
13.690608
306.387291
147.503534
8.1463
11.543168
7.967714
75.777676
4.728986
9.343153
108.962958
226.425055
8.010159
11.497823
7.943598
60.653994
4.337419
9.343153
108.962958
226.425055
8.010159
11.462339
7.88217
60.653994
8.869595
204.098311
101.338487
564.897114
7.901553
9.501913
7.88217
48.585361
6.831803
78.176739
122.613247
