115.67341664861007
119.89657219849668
115.67341664861007
115.67341664861007
107.71927304730593
121.63331052278204
107.71927304730593
118.94944982423996
121.63331052278204
103.11398977793583
111.19052196052832
115.67341664861007
121.63331052278204
103.76434161598023
104.62406164535786
107.71927304730593
118.94944982423996
95.71497911135579
109.43445689469357
115.67341664861007
104.62406164535786
103.76434161598023
121.63331052278204
103.76434161598023
118.02182429184676
87.67222693603641
106.69929564764068
119.18203962653006
103.76434161598023
104.62406164535786
103.76434161598023
121.63331052278204
118.02182429184676
79.98442894664817
119.89657219849668
106.69929564764068
120.43167974051862
104.62406164535786
103.76434161598023
103.76434161598023
118.02182429184676
81.35511827960815
114.5376596402794
109.89280616636069
106.51764226504248
104.62406164535786
100.27273735352415
103.76434161598023
118.02182429184676
80.23224905382405
94.89468493999436
114.5376596402794
109.89280616636069
106.51764226504248
100.27273735352415
104.62406164535786
117.5691322743852
83.19157117425067
109.67374967607383
87.21638201322882
110.37067282319413
104.9290156890267
104.62406164535786
99.33429527312863
117.28721324650046
78.44189626446429
107.8874454900014
85.91011989934628
97.75507721971852
114.55743018515415
101.83415886712842
98.60388962087973
117.10828919993098
74.38743463098587
91.9965122800353
84.37681667694727
107.8874454900014
97.75507721971852
105.71607511433203
114.65701830367898
98.60388962087973
74.38743463098587
84.37681667694727
107.8874454900014
97.75507721971852
92.66955722910312
86.95467434257796
101.9248916814245
114.52921541327221
74.38743463098587
74.62720301050084
84.88184941118939
78.63214445190467
107.8874454900014
95.9687730336461
97.43415235062974
114.52921541327221
70.53005565337156
73.35248541986554
84.32452755830978
81.49925521590467
105.80359280288289
95.9687730336461
100.49191827174975
112.50990653928181
85.10034624135176
74.70589177319376
84.32452755830978
81.49925521590467
106.4837732617287
95.9687730336461
100.49191827174975
112.50990653928181
83.80967583534658
76.50676346807376
77.8411183752436
81.49925521590467
105.5487434728836
95.9687730336461
103.55021384048041
113.94313750764822
87.28688223295337
76.60950226756852
81.01624968557611
81.49925521590467
90.26867127664053
105.5487434728836
101.96678795629751
114.22959900782438
113.76255249117504
83.54378957654708
76.60950226756852
81.01624968557611
90.26867127664053
105.5487434728836
101.39415692690366
114.22959900782438
122.2576898873753
83.54378957654708
72.28070948798074
89.37551918360434
87.23775899644457
88.79073736179433
100.87005306319092
99.64470841489627
126.1530237864953
83.54378957654708
73.27648668322948
88.83601249338942
91.14435593716455
88.79073736179433
100.77007333178368
99.85193684364042
63.49461751401895
126.1530237864953
81.64549467313037
76.47761476791995
84.30319145167358
89.9418632249248
100.5147866864668
99.85193684364042
66.06347492826444
80.62956042787754
131.26117536375895
75.83872161213934
86.88745827116718
89.9418632249248
103.45712143689474
99.85193684364042
66.06347492826444
85.64102846407333
133.89868963671887
75.40441759286576
86.88745827116718
89.9418632249248
85.06384386853357
99.85193684364042
66.06347492826444
75.40441759286576
90.6222711036872
82.84646042853556
89.9418632249248
85.06384386853357
99.85193684364042
118.94944982423996
69.22333220861502
75.40441759286576
107.96003529513065
82.84646042853556
89.9418632249248
93.73570980956055
100.22497023280005
118.94944982423996
69.22333220861502
75.40441759286576
133.89441943290512
82.84646042853556
98.28074164624313
93.84202727928607
100.22497023280005
118.94944982423996
69.22333220861502
74.64741129554554
82.84646042853556
98.28074164624313
93.84202727928607
100.22497023280005
118.94944982423996
121.63331052278204
74.64741129554554
68.00739693752757
81.34562092622546
89.20786096915774
94.74462141179808
100.22497023280005
112.98955595006798
115.67341664861007
87.86823946152984
71.26352826084972
68.99918756601612
107.00850589431384
93.4110229823277
97.94259826355807
100.22497023280005
112.98955595006798
87.86823946152984
71.26352826084972
67.72099799038708
90.22592347375297
101.92991964991857
93.55903657201085
100.22497023280005
112.06193041767477
92.73514348963134
67.72099799038708
77.90510520834296
92.89116725551297
93.55903657201085
100.22497023280005
115.67341664861007
112.06193041767477
68.93349037182183
92.73514348963134
77.90510520834296
88.64025528952634
93.55903657201085
83.01167795317527
110.0463892703833
113.6578755013186
67.939291097178
92.73514348963134
78.15915576668559
91.77038515037991
100.17497541011814
83.01167795317527
116.82019350958332
113.6578755013186
67.939291097178
92.73514348963134
94.93492650835533
91.77038515037991
89.22239831473236
113.6578755013186
116.82019350958332
121.63331052278204
67.939291097178
98.28418532667908
100.54498192147534
87.8019922784251
89.77879567473963
115.24843566743331
110.97401480277652
