321.0
320.4
321.0
321.0
320.4
320.4
320.4
321.3
320.3
320.7
321.7
321.2
320.5
320.1
320.9
320.4
321.3
320.7
322.2
321.2
321.3
320.1
320.5
320.1
321.3
320.6
322.9
321.0
320.3
321.5
320.3
320.5
321.3
321.9
320.5
322.9
321.6
321.6
320.3
320.4
321.3
321.8
322.1
322.7
321.6
321.6
320.9
320.3
321.6
322.6
321.4
322.1
322.7
321.6
320.8
321.6
322.0
323.6
323.3
323.2
323.7
322.6
321.6
320.8
322.0
323.6
324.1
323.5
322.0
323.6
324.4
320.5
321.8
324.6
324.9
324.6
324.1
322.0
323.9
323.0
320.5
325.3
324.7
324.1
322.0
321.2
328.7
325.5
323.0
325.3
324.5
321.1
328.4
324.2
322.5
329.4
323.0
324.3
325.3
321.4
328.6
325.4
322.5
329.4
324.6
325.0
327.8
321.4
328.5
326.9
322.5
331.4
324.6
325.0
327.3
322.3
329.0
328.8
322.5
332.9
326.3
326.4
322.7
329.9
329.3
324.4
328.3
334.0
328.5
328.4
328.9
322.7
329.5
324.4
328.6
338.9
328.3
332.6
328.9
323.7
325.7
332.1
329.7
339.4
329.6
332.9
328.7
324.5
325.9
332.5
329.9
339.8
332.2
324.9
332.6
329.9
330.9
325.6
332.9
340.5
332.2
327.5
335.1
334.5
331.2
328.0
332.6
342.2
333.2
327.5
338.0
334.5
332.3
328.0
332.6
343.9
332.6
328.8
332.3
340.8
329.4
333.4
343.5
332.6
321.3
330.5
332.5
341.5
329.5
332.9
345.3
332.8
321.6
331.5
332.7
343.7
329.5
336.2
345.5
332.8
321.6
331.5
333.1
329.5
336.1
350.4
332.8
321.6
320.4
332.9
333.1
333.7
343.1
351.0
332.8
322.8
321.2
333.3
335.0
336.5
323.3
345.8
351.7
332.8
322.8
333.3
335.0
337.0
323.0
348.0
351.8
332.5
322.8
336.6
337.0
340.8
322.7
350.8
332.5
321.0
322.8
337.8
336.7
341.5
322.7
353.9
337.9
323.7
321.4
337.2
336.8
341.6
323.6
357.9
337.9
323.3
321.4
337.2
336.8
343.7
323.6
339.8
321.8
323.7
320.3
337.5
341.5
344.6
324.1
344.5
325.1
323.6
