0.9985055496465177
0.999082063731839
0.9985055496465177
0.9985055496465177
0.9994320175028396
0.9994982984860618
0.9994320175028396
0.9994088322931699
0.9994982984860618
0.9990345130375479
0.9964077552189677
0.9985055496465177
0.9994982984860618
0.9993682196276751
0.9992384791228474
0.9994320175028396
0.9994088322931699
0.9982198251373442
0.9940286536926846
0.9985055496465177
0.9992384791228474
0.9993682196276751
0.9994982984860618
0.9993682196276751
0.9993314459455923
0.9966522585376391
0.9916557992574487
0.9994149885642252
0.9993682196276751
0.9992384791228474
0.9993682196276751
0.9994982984860618
0.9993314459455923
0.9929436814097291
0.999082063731839
0.9916557992574487
0.9986300996588108
0.9992384791228474
0.9993682196276751
0.9993682196276751
0.9993314459455923
0.9966107330783137
0.9990118973624591
0.9964817847509833
0.9985806948900302
0.9992384791228474
0.9992822035199477
0.9993682196276751
0.9993314459455923
0.9915063953228188
0.9988359458699262
0.9990118973624591
0.9964817847509833
0.9985806948900302
0.9992822035199477
0.9992384791228474
0.999192998390847
0.9851692867344248
0.9988870022354864
0.9972585415263215
0.9930226427067218
0.9982745998453424
0.9992384791228474
0.9992515082934457
0.9991721371648634
0.9853619280000616
0.9987916041852245
0.9972585415263215
0.9988224432811255
0.9968781851911043
0.9978840666110096
0.9991450422647594
0.9990048650411736
0.9852614727095614
0.9969099036816259
0.9971338874990882
0.9987916041852245
0.9988224432811255
0.9949267804207046
0.998921600359421
0.9991450422647594
0.9851999677909126
0.9970923399655282
0.9987916041852245
0.9988224432811255
0.998731286086255
0.9968268310499788
0.9938922859429972
0.9989084960165964
0.9851999677909126
0.9954332675841605
0.9979503139875877
0.9949982885445612
0.9987499806663018
0.9986901445128757
0.9937721463502613
0.9989084960165964
0.992161658831379
0.9849351781300857
0.9978981134408454
0.9962026292620132
0.9985835056703274
0.9986901445128757
0.9953661384179028
0.9988252401701088
0.9858630201332012
0.9818535259228077
0.9978981134408454
0.997777920699468
0.9984170611973135
0.9986901445128757
0.9951726442170596
0.9988252401701088
0.9855296257445224
0.992079021333172
0.9973943809124655
0.9976531952580706
0.9982733232974502
0.9986901445128757
0.9940929439125639
0.9987419919565765
0.9781206703164366
0.9973363096767529
0.984801074302583
0.9975284869666449
0.9984820692506851
0.9982733232974502
0.9937496104392525
0.9978367821011723
0.9595930211511607
0.9960014598035924
0.9973363096767529
0.9919963914060971
0.998440459920986
0.9982733232974502
0.9931599286270097
0.9987419919565764
0.925930106200596
0.9960014598035924
0.9972531979587194
0.9982536801193672
0.9863661396961293
0.998004115556858
0.9930519413344512
0.9982345970454025
0.9581861450930158
0.9960014598035924
0.9971700938592293
0.9981917214768063
0.9897157358668539
0.9978793590127112
0.99239826351077
0.998151402980641
0.9955988470271036
0.9581861450930158
0.9958389920554643
0.9970901882791735
0.9978253257985471
0.9897001468293847
0.9923324603574467
0.998151402980641
0.9927596700355318
0.9956614258575646
0.9497195476511735
0.9970159496797729
0.9975758790300155
0.9938247266971998
0.9889190298110722
0.9979850377306919
0.9927596700355318
0.9956614258575646
0.9624550154576508
0.9968556915891013
0.9975758790300155
0.9938247266971998
0.9868199723393106
0.9979850377306919
0.9926494152914529
0.9968556915891013
0.9924980717359241
0.997303288840206
0.9936315620649407
0.989976272686705
0.9979850377306919
0.9994088322931699
0.9910478937431588
0.9967310929508073
0.9871488780583537
0.997303288840206
0.9936315620649407
0.9867118262446813
0.9979197451106744
0.9994088322931699
0.9909103388089255
0.9966065114434673
0.9765332729553207
0.997303288840206
0.9923211627379027
0.9845971666054957
0.9979197451106744
0.9994088322931699
0.9909103388089255
0.9950607471785975
0.997303288840206
0.9940751997078152
0.9843718362239428
0.9979197451106744
0.9994088322931699
0.9994982984860618
0.9950607471785975
0.9898440177340929
0.9973032888402059
0.9934491979709823
0.9843264196594097
0.9979197451106744
0.9983707416327221
0.9985055496465177
0.9918348816391692
0.9874479235564699
0.9965236246068007
0.9973585645596718
0.9934491979709823
0.9895112372384658
0.9979197451106744
0.9983707416327221
0.9917109731377232
0.9874479235564699
0.9962745357645459
0.997076071791869
0.9921380231049072
0.9878738456029319
0.9979197451106744
0.9982241366889489
0.9917109731377229
0.9962745357645459
0.9872835195557705
0.9987391953240129
0.9878738456029319
0.9979197451106744
0.9985055496465177
0.9982241366889489
0.9947198730694496
0.9915870816637434
0.9870506654274047
0.9986226446723102
0.9876065774292071
0.9974688913722551
0.997118176932242
0.9975138853487006
0.9943121071325979
0.9914632072146822
0.9866806023801493
0.9972632040026782
0.9828737172684581
0.9974688913722551
0.9984020259001427
0.9975138853487006
0.9943121071325979
0.991339349787985
0.9783170413132454
0.9972632040026782
0.9974688913722547
0.9975138853487006
0.9983396181236817
0.9994982984860618
0.9941878581669698
0.9873024789062922
0.9836403338765064
0.9969974586117198
0.9974688913722551
0.9979745802508067
0.9973338369457025
